% COLUMNAS
% [t  q  q_punto  q_2puntos tau]
% Datos correspondientes a un pendulo simple con a=0.2m y m=2Kg

datos=[   1.0000000e-03  -1.5707962e+00   2.3585692e-04   2.3585692e-01   1.0849534e-02
   2.0000000e-03  -1.5707961e+00  -6.8268554e-05  -3.0412547e-01  -1.3989227e-02
   3.0000000e-03  -1.5707967e+00  -1.0674954e-03  -9.9922688e-01  -4.5964433e-02
   4.0000000e-03  -1.5707986e+00  -2.6743855e-03  -1.6068900e+00  -7.3920375e-02
   5.0000000e-03  -1.5708028e+00  -5.8952449e-03  -3.2208594e+00  -1.4817162e-01
   6.0000000e-03  -1.5708110e+00  -1.0387806e-02  -4.4925613e+00  -2.0668786e-01
   7.0000000e-03  -1.5708236e+00  -1.4911620e-02  -4.5238138e+00  -2.0815603e-01
   8.0000000e-03  -1.5708404e+00  -1.8633736e-02  -3.7221157e+00  -1.7132137e-01
   9.0000000e-03  -1.5708604e+00  -2.1417763e-02  -2.7840276e+00  -1.2822364e-01
   1.0000000e-02  -1.5708841e+00  -2.5910243e-02  -4.4924794e+00  -2.0687623e-01
   1.1000000e-02  -1.5709126e+00  -3.1137241e-02  -5.2269981e+00  -2.4074062e-01
   1.2000000e-02  -1.5709464e+00  -3.6363921e-02  -5.2266805e+00  -2.4081756e-01
   1.3000000e-02  -1.5709859e+00  -4.2588663e-02  -6.2247419e+00  -2.8683578e-01
   1.4000000e-02  -1.5710313e+00  -4.8340027e-02  -5.7513643e+00  -2.6518539e-01
   1.5000000e-02  -1.5710828e+00  -5.4537583e-02  -6.1975555e+00  -2.8585252e-01
   1.6000000e-02  -1.5711408e+00  -6.1612050e-02  -7.0744672e+00  -3.2635124e-01
   1.7000000e-02  -1.5712056e+00  -6.7844044e-02  -6.2319936e+00  -2.8777818e-01
   1.8000000e-02  -1.5712765e+00  -7.4009457e-02  -6.1654132e+00  -2.8491491e-01
   1.9000000e-02  -1.5713533e+00  -7.9639565e-02  -5.6301083e+00  -2.6050821e-01
   2.0000000e-02  -1.5714345e+00  -8.2635914e-02  -2.9963487e+00  -1.3958812e-01
   2.1000000e-02  -1.5715185e+00  -8.5375904e-02  -2.7399898e+00  -1.2803843e-01
   2.2000000e-02  -1.5716053e+00  -8.8225877e-02  -2.8499737e+00  -1.3334875e-01
   2.3000000e-02  -1.5716949e+00  -9.1065143e-02  -2.8392657e+00  -1.3311557e-01
   2.4000000e-02  -1.5717872e+00  -9.3524265e-02  -2.4591216e+00  -1.1589649e-01
   2.5000000e-02  -1.5718826e+00  -9.7199717e-02  -3.6754524e+00  -1.7212326e-01
   2.6000000e-02  -1.5719817e+00  -1.0102580e-01  -3.8260792e+00  -1.7933793e-01
   2.7000000e-02  -1.5720851e+00  -1.0585171e-01  -4.8259105e+00  -2.2562768e-01
   2.8000000e-02  -1.5721929e+00  -1.0971511e-01  -3.8634064e+00  -1.8166323e-01
   2.9000000e-02  -1.5723040e+00  -1.1248733e-01  -2.7722151e+00  -1.3179046e-01
   3.0000000e-02  -1.5724192e+00  -1.1797225e-01  -5.4849212e+00  -2.5690698e-01
   3.1000000e-02  -1.5725396e+00  -1.2271430e-01  -4.7420535e+00  -2.2308154e-01
   3.2000000e-02  -1.5726648e+00  -1.2779033e-01  -5.0760305e+00  -2.3880543e-01
   3.3000000e-02  -1.5727959e+00  -1.3434049e-01  -6.5501589e+00  -3.0699176e-01
   3.4000000e-02  -1.5729325e+00  -1.3877136e-01  -4.4308724e+00  -2.0989851e-01
   3.5000000e-02  -1.5730727e+00  -1.4168567e-01  -2.9143008e+00  -1.4054346e-01
   3.6000000e-02  -1.5732155e+00  -1.4398171e-01  -2.2960459e+00  -1.1251999e-01
   3.7000000e-02  -1.5733607e+00  -1.4642071e-01  -2.4390022e+00  -1.1951935e-01
   3.8000000e-02  -1.5735085e+00  -1.4909827e-01  -2.6775547e+00  -1.3092336e-01
   3.9000000e-02  -1.5736588e+00  -1.5157440e-01  -2.4761329e+00  -1.2209621e-01
   4.0000000e-02  -1.5738119e+00  -1.5451405e-01  -2.9396537e+00  -1.4386403e-01
   4.1000000e-02  -1.5739676e+00  -1.5705366e-01  -2.5396091e+00  -1.2591605e-01
   4.2000000e-02  -1.5741252e+00  -1.5811858e-01  -1.0649152e+00  -5.8541146e-02
   4.3000000e-02  -1.5742840e+00  -1.5942417e-01  -1.3055935e+00  -7.0077337e-02
   4.4000000e-02  -1.5744445e+00  -1.6155397e-01  -2.1298010e+00  -1.0845999e-01
   4.5000000e-02  -1.5746067e+00  -1.6286905e-01  -1.3150802e+00  -7.1457402e-02
   4.6000000e-02  -1.5747688e+00  -1.6125760e-01   1.6114501e+00   6.2685589e-02
   4.7000000e-02  -1.5749294e+00  -1.5991733e-01   1.3402699e+00   4.9737075e-02
   4.8000000e-02  -1.5750890e+00  -1.5941257e-01   5.0476811e-01   1.0833425e-02
   4.9000000e-02  -1.5752475e+00  -1.5746874e-01   1.9438267e+00   7.6562154e-02
   5.0000000e-02  -1.5754030e+00  -1.5356253e-01   3.9062047e+00   1.6636955e-01
   5.1000000e-02  -1.5755547e+00  -1.4978282e-01   3.7797142e+00   1.6009945e-01
   5.2000000e-02  -1.5757028e+00  -1.4648353e-01   3.2992950e+00   1.3755957e-01
   5.3000000e-02  -1.5758462e+00  -1.4040678e-01   6.0767427e+00   2.6489287e-01
   5.4000000e-02  -1.5759830e+00  -1.3303443e-01   7.3723514e+00   3.2407871e-01
   5.5000000e-02  -1.5761126e+00  -1.2617110e-01   6.8633335e+00   3.0027252e-01
   5.6000000e-02  -1.5762346e+00  -1.1794274e-01   8.2283569e+00   3.6269333e-01
   5.7000000e-02  -1.5763486e+00  -1.0992914e-01   8.0136008e+00   3.5246769e-01
   5.8000000e-02  -1.5764542e+00  -1.0143023e-01   8.4989097e+00   3.7446895e-01
   5.9000000e-02  -1.5765519e+00  -9.3826500e-02   7.6037296e+00   3.3299203e-01
   6.0000000e-02  -1.5766428e+00  -8.8084243e-02   5.7422571e+00   2.4708753e-01
   6.1000000e-02  -1.5767287e+00  -8.3755021e-02   4.3292225e+00   1.8182828e-01
   6.2000000e-02  -1.5768103e+00  -7.9373345e-02   4.3816753e+00   1.8399490e-01
   6.3000000e-02  -1.5768871e+00  -7.4248400e-02   5.1249454e+00   2.1795234e-01
   6.4000000e-02  -1.5769593e+00  -7.0094568e-02   4.1538322e+00   1.7306237e-01
   6.5000000e-02  -1.5770271e+00  -6.5612905e-02   4.4816629e+00   1.8793666e-01
   6.6000000e-02  -1.5770899e+00  -5.9956978e-02   5.6559267e+00   2.4176047e-01
   6.7000000e-02  -1.5771463e+00  -5.2883300e-02   7.0736785e+00   3.0680148e-01
   6.8000000e-02  -1.5771967e+00  -4.7727048e-02   5.1562516e+00   2.1844343e-01
   6.9000000e-02  -1.5772427e+00  -4.4287627e-02   3.4394210e+00   1.3932806e-01
   7.0000000e-02  -1.5772839e+00  -3.8150310e-02   6.1373171e+00   2.6330240e-01
   7.1000000e-02  -1.5773201e+00  -3.4255741e-02   3.8945692e+00   1.6002274e-01
   7.2000000e-02  -1.5773518e+00  -2.9194508e-02   5.0612330e+00   2.1358914e-01
   7.3000000e-02  -1.5773774e+00  -2.1901687e-02   7.2928207e+00   3.1615743e-01
   7.4000000e-02  -1.5773971e+00  -1.7634766e-02   4.2669212e+00   1.7690019e-01
   7.5000000e-02  -1.5774133e+00  -1.4757474e-02   2.8772922e+00   1.1292473e-01
   7.6000000e-02  -1.5774268e+00  -1.2249595e-02   2.5078790e+00   9.5888152e-02
   7.7000000e-02  -1.5774370e+00  -8.0628124e-03   4.1867824e+00   1.7308252e-01
   7.8000000e-02  -1.5774429e+00  -3.8650319e-03   4.1977806e+00   1.7356473e-01
   7.9000000e-02  -1.5774441e+00   1.5960017e-03   5.4610335e+00   2.3166363e-01
   8.0000000e-02  -1.5774387e+00   9.1060149e-03   7.5100133e+00   3.2592239e-01
   8.1000000e-02  -1.5774260e+00   1.6327961e-02   7.2219462e+00   3.1269793e-01
   8.2000000e-02  -1.5774064e+00   2.2896859e-02   6.5688977e+00   2.8270539e-01
   8.3000000e-02  -1.5773800e+00   2.9990453e-02   7.0935943e+00   3.0690900e-01
   8.4000000e-02  -1.5773454e+00   3.9038168e-02   9.0477146e+00   3.9688767e-01
   8.5000000e-02  -1.5773015e+00   4.8900774e-02   9.8626059e+00   4.3448784e-01
   8.6000000e-02  -1.5772479e+00   5.8223046e-02   9.3222722e+00   4.0977599e-01
   8.7000000e-02  -1.5771843e+00   6.9089815e-02   1.0866769e+01   4.8099477e-01
   8.8000000e-02  -1.5771098e+00   7.9807103e-02   1.0717288e+01   4.7432170e-01
   8.9000000e-02  -1.5770259e+00   8.7994822e-02   8.1877190e+00   3.5819491e-01
   9.0000000e-02  -1.5769333e+00   9.7155098e-02   9.1602762e+00   4.0319171e-01
   9.1000000e-02  -1.5768312e+00   1.0707043e-01   9.9153297e+00   4.3821018e-01
   9.2000000e-02  -1.5767194e+00   1.1658871e-01   9.5182783e+00   4.2026040e-01
   9.3000000e-02  -1.5765988e+00   1.2466100e-01   8.0722954e+00   3.5408725e-01
   9.4000000e-02  -1.5764713e+00   1.3015761e-01   5.4966111e+00   2.3597101e-01
   9.5000000e-02  -1.5763375e+00   1.3756657e-01   7.4089575e+00   3.2432254e-01
   9.6000000e-02  -1.5761968e+00   1.4385054e-01   6.2839725e+00   2.7297712e-01
   9.7000000e-02  -1.5760503e+00   1.4907388e-01   5.2233376e+00   2.2461031e-01
